F 1850 1897 3.717551306747922
F 1850 1897 3.717551306747922
F 1850 1897 3.717551306747922
F 1850 1897 3.717551306747922
F 1850 1897 3.717551306747922
F 1850 1897 3.717551306747922
F 1850 1897 3.717551306747922
F 1850 1897 3.717551306747922
F 1850 1897 3.717551306747922
F 1850 1897 3.717551306747922
F 1850 1897 3.717551306747922
F 1850 1897 3.717551306747922
F 1850 1897 3.717551306747922
F 1829.2185819968804 1883.5043893513625 3.717551306747922
F 1792.0461864138354 1859.3643534023915 3.717551306747922
F 1754.3684184692838 1835.0415589552322 3.715224640081255
F 1716.553682761794 1810.6092810349746 3.715224640081255
F 1716.553682761794 1810.6092810349746 3.715224640081255
F 1679.032084540409 1786.3664006179747 3.715224640081255
F 1641.4302119353908 1761.9264394150962 3.717551306747922
F 1603.7524439908393 1737.6036449679368 3.715224640081255
F 1566.1505713858212 1713.1636837650583 3.717551306747922
F 1566.1505713858212 1713.1636837650583 3.717551306747922
F 1528.4728034412697 1688.840889317899 3.715224640081255
F 1490.8709308362515 1664.4009281150204 3.717551306747922
F 1490.8709308362515 1664.4009281150204 3.717551306747922
F 1453.1931628917 1640.078133667861 3.715224640081255
F 1415.591290286682 1615.6381724649825 3.717551306747922
F 1377.9135223421304 1591.3153780178232 3.715224640081255
F 1340.3116497371122 1566.8754168149446 3.717551306747922
F 1302.6338817925607 1542.5526223677853 3.715224640081255
F 1302.6338817925607 1542.5526223677853 3.715224640081255
F 1265.0320091875426 1518.1126611649067 3.717551306747922
F 1227.354241242991 1493.7898667177474 3.715224640081255
F 1189.5395055355013 1469.3575887974898 3.715224640081255
F 1189.5395055355013 1469.3575887974898 3.715224640081255
F 1152.0179073141162 1445.11470838049 3.715224640081255
F 1114.416034709098 1420.6747471776114 3.717551306747922
F 1076.7382667645466 1396.351952730452 3.715224640081255
F 1038.9235310570568 1371.9196748101945 3.715224640081255
F 1038.9235310570568 1371.9196748101945 3.715224640081255
F 1001.4019328356718 1347.6767943931945 3.715224640081255
F 963.8000602306535 1323.236833190316 3.717551306747922
F 926.122292286102 1298.9140387431567 3.715224640081255
F 926.122292286102 1298.9140387431567 3.715224640081255
F 888.5204196810838 1274.4740775402781 3.717551306747922
F 850.8426517365324 1250.1512830931188 3.715224640081255
F 813.0279160290428 1225.7190051728612 3.715224640081255
F 774.9200428354486 1201.0973297493458 3.715224640081255
F 774.9200428354486 1201.0973297493458 3.715224640081255
F 737.3181702304304 1176.6573685464673 3.717551306747922
F 699.640402285879 1152.334574099308 3.715224640081255
F 662.0385296808607 1127.8946128964294 3.717551306747922
F 662.0385296808607 1127.8946128964294 3.717551306747922
F 624.3607617363093 1103.57181844927 3.715224640081255
F 586.7588891312911 1079.1318572463915 3.717551306747922
F 549.0811211867397 1054.8090627992322 3.715224640081255
F 549.0811211867397 1054.8090627992322 3.715224640081255
F 511.47924858172144 1030.3691015963536 3.717551306747922
F 473.80148063717 1006.0463071491945 3.715224640081255
F 436.6016502422077 980.994851125657 3.731511306747922
F 402.7152720466532 952.0277878100815 3.8315579734145886
F 402.7152720466532 952.0277878100815 3.8315579734145886
F 371.4196955830072 919.5554556141191 3.9292779734145884
F 343.6518437231044 884.2357890863569 4.0293246400812555
F 319.55316361210976 846.5284804289731 4.127044640081255
F 299.2483500937769 806.6498889636144 4.224764640081255
F 299.2483500937769 806.6498889636144 4.224764640081255
F 283.1170550483506 765.0907900261001 4.324811306747922
F 270.98627347806035 721.469980380686 4.424857973414588
F 263.51922822592417 677.8728593494212 4.524904640081255
F 260.1058164511439 633.0820546273555 4.620297973414588
F 260.1058164511439 633.0820546273555 4.620297973414588
F 265.60372179683264 587.6006081090432 4.804104640081254
F 279.83598179546124 545.1022424226395 5.001871306747921
F 301.22632158100924 506.5564843248344 5.185677973414587
F 301.22632158100924 506.5564843248344 5.185677973414587
F 326.66161250750264 474.1052168415722 5.341564640081254
F 357.67730233939017 445.3657189456214 5.502104640081254
F 392.0713854240481 422.0270190436856 5.653337973414587
F 392.0713854240481 422.0270190436856 5.653337973414587
F 429.4970137589633 404.33152892281754 5.8068979734145865
F 468.30653119905196 392.18136286165907 5.946497973414586
F 510.3544408604079 386.2531592801592 6.109364640081253
F 552.0953536150279 386.81386054231007 6.262924640081253
F 552.0953536150279 386.81386054231007 6.262924640081253
F 592.9112295092322 393.7328418163026 0.1332993329016663
F 632.4669977631621 407.1138587296459 0.2915126662349996
F 669.5180862140003 426.34495407292616 0.4450726662349996
F 669.5180862140003 426.34495407292616 0.4450726662349996
F 708.8710450728314 447.13599220864904 0.47997266623499957
F 748.5938001382647 467.95221801962606 0.4822993329016662
F 788.3811601849743 488.6446926786776 0.47997266623499957
F 827.6959955847852 509.11105646137656 0.47997266623499957
F 827.6959955847852 509.11105646137656 0.47997266623499957
F 867.4187506502185 529.9272822723536 0.4822993329016662
F 907.3042409684675 550.8088076733598 0.4822993329016662
F 947.4989211341448 571.8522053642962 0.4822993329016662
F 987.2862811808543 592.5446800233477 0.47997266623499957
F 987.2862811808543 592.5446800233477 0.47997266623499957
F 1027.0090362462875 613.3609058343247 0.4822993329016662
F 1066.27614686968 633.9186866554703 0.4822993329016662
F 1106.1616371879288 654.8002120564764 0.4822993329016662
F 1106.1616371879288 654.8002120564764 0.4822993329016662
F 1145.7379376587496 675.5198651675523 0.4822993329016662
F 1185.6234279769985 696.4013905685584 0.4822993329016662
F 1225.1997284478193 717.1210436796343 0.4822993329016662
F 1265.0852187660682 738.0025690806405 0.4822993329016662
F 1265.0852187660682 738.0025690806405 0.4822993329016662
F 1303.9907883358035 759.605958485616 0.5032393329016662
F 1340.8512702582993 785.8973214793615 0.6032859995683328
F 1371.831952190836 818.4343499342806 0.7801126662349995
F 1371.831952190836 818.4343499342806 0.7801126662349995
F 1395.8324864743536 856.692972813772 0.9778793329016662
F 1411.8612091767648 895.4612733691569 1.1430726662349995
F 1422.0288735024308 935.935671147817 1.2919793329016662
F 1422.0288735024308 935.935671147817 1.2919793329016662
F 1425.8570802709417 976.97592463661 1.4432126662349996
F 1423.9086074564443 1017.7759549681575 1.585139332901666
F 1415.5499440887572 1058.6752328370865 1.738699332901666
F 1400.844919192258 1092.9990804078998 1.9201793329016659
F 1400.844919192258 1092.9990804078998 1.9201793329016659
F 1379.94318932849 1123.5697480607485 2.1109659995683323
F 1353.7946945038407 1149.7676649172304 2.2970993329016656
F 1323.2496615716038 1170.6740178364366 2.483232666234999
F 1323.2496615716038 1170.6740178364366 2.483232666234999
F 1287.9591973900583 1185.5170779057225 2.685652666234999
F 1251.1213392224918 1192.9372297041543 2.8834193329016657
F 1214.089411000588 1193.2276160100005 3.074205999568332
F 1174.6615542908612 1189.640909974932 3.1998459995683324
F 1174.6615542908612 1189.640909974932 3.1998459995683324
F 1129.5357139068815 1187.131786529253 3.1975193329016656
F 1085.1147016249663 1184.523117727267 3.1998459995683324
F 1040.51847634414 1181.9222957991462 3.1998459995683324
F 1040.51847634414 1181.9222957991462 3.1998459995683324
F 995.044204626829 1179.393258764955 3.1975193329016656
F 950.2747610115836 1176.7646763744563 3.1998459995683324
F 905.4973519609332 1174.2754665172895 3.1975193329016656
F 905.4973519609332 1174.2754665172895 3.1975193329016656
F 861.2436504902225 1171.7979203237303 3.1975193329016656
F 816.4742068749771 1169.1693379332316 3.1998459995683324
F 771.6967978243267 1166.6801280760649 3.1975193329016656
F 726.9273542090813 1164.0515456855662 3.1998459995683324
F 682.1499451584309 1161.5623358283995 3.1975193329016656
F 682.1499451584309 1161.5623358283995 3.1975193329016656
F 637.1993350031421 1159.045773159351 3.1975193329016656
F 592.5971791901424 1156.548718728047 3.1975193329016656
F 547.6465690348535 1154.0321560589987 3.1975193329016656
F 547.6465690348535 1154.0321560589987 3.1975193329016656
F 502.7252216244481 1151.0277742276662 3.2068259995683324
F 459.4477737518094 1138.9644670811056 3.383652666234999
F 425.1157497117209 1115.4371420405664 3.6768126662349987
F 403.32883089152045 1089.5205358729108 3.918785999568332
F 403.32883089152045 1089.5205358729108 3.918785999568332
F 388.13549000093155 1058.474502207129 4.165412666234999
F 380.97386633874623 1025.9459570081292 4.400405999568332
F 381.80497906352593 992.0985116308769 4.642379332901665
F 381.80497906352593 992.0985116308769 4.642379332901665
F 391.1892658244721 958.8047828597328 4.893659332901666
F 407.6449988975866 929.6354151415035 5.130979332901666
F 430.32093327078536 905.2387533505017 5.365972666235
F 457.28909061503634 886.9687595923866 5.591659332901666
F 457.28909061503634 886.9687595923866 5.591659332901666
F 488.2505033103696 875.1956949399546 5.824325999568333
F 521.4201985644859 870.7617726449956 6.056992666235
F 564.365034877394 863.9647945918024 6.1151593329016665
F 564.365034877394 863.9647945918024 6.1151593329016665
F 608.256078945679 856.6430642181582 6.117485999568333
F 652.3162177857802 849.2747706985566 6.117485999568333
F 696.7205764605696 841.8489123858332 6.117485999568333
F 740.4364954659826 834.5381836593534 6.117485999568333
F 740.4364954659826 834.5381836593534 6.117485999568333
F 784.8408541407721 827.11232534663 6.117485999568333
F 829.2452128155616 819.6864670339065 6.117485999568333
F 873.3053516556628 812.3181735143049 6.117485999568333
F 917.7097103304523 804.8923152015815 6.117485999568333
F 917.7097103304523 804.8923152015815 6.117485999568333
F 963.0735013055407 802.2716873803843 6.2105526662349995
F 1007.9576685920383 804.2576298628163 0.02741402572207985
F 1052.419037200602 810.7166655492986 0.12746069238874652
F 1052.419037200602 810.7166655492986 0.12746069238874652
F 1095.866911183895 821.4343964475418 0.22518069238874655
F 1138.3976769100339 836.4343774870343 0.3229006923887465
F 1178.7263308645454 855.4337736500175 0.4229473590554132
F 1178.7263308645454 855.4337736500175 0.4229473590554132
F 1216.8118142691237 878.975731235158 0.5346273590554131
F 1249.3906830304834 910.2545608289832 0.7323940257220798
F 1274.9540343936185 947.0673762302638 0.9301606923887464
F 1293.0320820350435 984.7090367843382 1.0883740257220798
F 1293.0320820350435 984.7090367843382 1.0883740257220798
F 1305.5599529653286 1023.7627331936052 1.2279740257220797
F 1312.276898195424 1063.7015769155923 1.3699006923887462
F 1312.8463982112917 1105.4423705499507 1.5234606923887462
F 1311.7655704280435 1148.387565360121 1.5839540257220794
F 1311.7655704280435 1148.387565360121 1.5839540257220794
F 1311.1778066613485 1193.055698494992 1.5839540257220794
F 1310.5900428946536 1237.7238316298628 1.5839540257220794
F 1310.006871032386 1282.0429949746176 1.5839540257220794
F 1310.006871032386 1282.0429949746176 1.5839540257220794
F 1309.28985426211 1327.2328506700812 1.586280692388746
F 1308.6035681512922 1371.5505372113944 1.586280692388746
F 1307.9064743851857 1416.5661400761928 1.586280692388746
F 1307.2093806190792 1461.5817429409913 1.586280692388746
F 1307.2093806190792 1461.5817429409913 1.586280692388746
F 1306.5176906806169 1506.2483876440472 1.586280692388746
F 1301.5412263185624 1551.2228741079182 1.6677140257220793
F 1292.155315995864 1594.977784651645 1.7654340257220793
F 1292.155315995864 1594.977784651645 1.7654340257220793
F 1278.4704915737711 1637.4054049582 1.865480692388746
F 1260.380662780444 1678.9106936556136 1.9655273590554125
F 1238.71861736357 1717.6703215006064 2.0632473590554126
F 1238.71861736357 1717.6703215006064 2.0632473590554126
F 1209.8122291231548 1752.4973586693602 2.235420692388746
F 1174.7763503798558 1780.7108059667173 2.430860692388746
F 1137.4689851544972 1801.3941253456646 2.6007073590554124
F 1098.776159467333 1817.7339184171067 2.717040692388746
F 1098.776159467333 1817.7339184171067 2.717040692388746
F 1057.7519718017231 1836.2786337661441 2.717040692388746
F 1017.3638180534097 1854.53583414853 2.717040692388746
F 975.048709833934 1869.5174371673033 2.7891673590554125
F 931.7590604104605 1880.1342352985325 2.884560692388746
F 931.7590604104605 1880.1342352985325 2.884560692388746
F 887.0802978276879 1886.3272205543626 2.9869340257220793
F 841.8373793631943 1888.0619321853567 3.086980692388746
F 797.167034526771 1885.3883949272872 3.1847006923887458
F 797.167034526771 1885.3883949272872 3.1847006923887458
F 752.8125052982418 1878.2324060046174 3.2847473590554124
F 709.8806288562367 1866.9007270692857 3.382467359055412
F 667.1282787219262 1850.9693332953825 3.482514025722079
F 627.5823801509745 1831.5558397972459 3.5802340257220786
F 627.5823801509745 1831.5558397972459 3.5802340257220786
F 589.1945531453051 1807.8864460107618 3.6779540257220784
F 553.1511729552254 1780.1927905272053 3.780327359055412
F 520.2338063910806 1749.3656524356054 3.8780473590554116
F 520.2338063910806 1749.3656524356054 3.8780473590554116
F 490.94013999916507 1715.7612108592323 3.9780940257220783
F 464.9288490484537 1679.1286408753606 4.078140692388745
F 442.50611402702 1639.999541491457 4.175860692388745
F 424.3348962042397 1599.485842509975 4.2735806923887445
F 424.3348962042397 1599.485842509975 4.2735806923887445
F 408.480743933358 1557.6845736205187 4.338727359055412
F 391.9970576648345 1515.9772527523176 4.336400692388745
F 375.4657084526898 1474.1011863870758 4.336400692388745
F 375.4657084526898 1474.1011863870758 4.336400692388745
F 359.0625092344377 1432.549740691332 4.336400692388745
F 342.7087307489974 1390.7913109285723 4.338727359055412
F 326.2250444804739 1349.0839900603712 4.336400692388745
F 309.56554527443666 1306.8833030256314 4.336400692388745
F 309.56554527443666 1306.8833030256314 4.336400692388745
F 297.5860018892602 1263.5967602104322 4.427140692388745
F 290.1406395718959 1220.176391677342 4.524860692388745
F 286.9200133770125 1175.014920681145 4.6249073590554115
F 286.9200133770125 1175.014920681145 4.6249073590554115
F 288.1106015951491 1129.9322414780222 4.722627359055411
F 291.73141632424193 1085.3770925940087 4.783120692388745
F 294.7791667864553 1040.634230100396 4.780794025722078
F 297.94191975923746 996.2492272424302 4.783120692388745
F 297.94191975923746 996.2492272424302 4.783120692388745
F 301.0990127842569 951.6889271129273 4.783120692388745
F 304.14676324647024 906.9460646193146 4.780794025722078
F 307.3337759982954 862.212906037319 4.783120692388745
F 307.3337759982954 862.212906037319 4.783120692388745
F 310.4300460185946 816.7737320956471 4.780794025722078
F 313.4595988799817 772.5543908696625 4.780794025722078
F 316.6466116318068 727.8212322876669 4.783120692388745
F 316.6466116318068 727.8212322876669 4.783120692388745
F 319.82836944608425 682.9128048134023 4.783120692388745
F 322.8761199082976 638.1699423197896 4.780794025722078
F 326.06313266012273 593.436783737794 4.783120692388745
F 328.9895842271213 550.4346998643293 4.780794025722078
F 329.5080212842218 543.9986709255903 4.783120692388745
F 329.5080212842218 543.9986709255903 4.783120692388745
F 329.5080212842218 543.9986709255903 4.783120692388745
F 329.5080212842218 543.9986709255903 4.783120692388745
F 329.5080212842218 543.9986709255903 4.783120692388745
F 329.5080212842218 543.9986709255903 4.783120692388745
F 329.5080212842218 543.9986709255903 4.783120692388745
F 329.5080212842218 543.9986709255903 4.783120692388745
