F 521.2132034355964 21.213203435596423 0.7853981633974483
E 0 0 0 0
F 521.2132034355964 21.213203435596423 0.7853981633974483
E 0 0 0 0
F 521.2132034355964 21.213203435596423 0.7853981633974483
E 0 0 0 0
F 521.2132034355964 21.213203435596423 0.7853981633974483
E 0 0 0 0
F 521.2132034355964 21.213203435596423 0.7853981633974483
E 0 0 0 0
F 521.2132034355964 21.213203435596423 0.7853981633974483
E 0 0 0 0
F 521.2132034355964 21.213203435596423 0.7853981633974483
E 0 0 0 0
F 521.2132034355964 21.213203435596423 0.7853981633974483
E 0 0 0 0
F 521.2132034355964 21.213203435596423 0.7853981633974483
E 0 0 0 0
F 521.2132034355964 21.213203435596423 0.7853981633974483
E 0 0 0 0
F 521.2132034355964 21.213203435596423 0.7853981633974483
E 0 0 0 0
F 521.2132034355964 21.213203435596423 0.7853981633974483
E 0 0 0 0
F 521.2132034355964 21.213203435596423 0.7853981633974483
E 0 0 0 0
F 538.734602366618 38.73460236661788 0.7853981633974483
E -2.356194490192345 6.13248962585751 0.9803674867040211 0.07912889839816142
F 570.0756962291493 70.07569622914923 0.7853981633974483
E -2.356194490192345 12.567210874434311 5.475191443306047 0.16215755967012013
F 601.8703445370028 101.70341531094641 0.7831465504942225
E -2.358780244642855 16.767376950013162 12.839322919907138 0.2163533175619991
F 633.7765974938383 133.46630975169955 0.7831465504942225
E 2.3628469867905824 22.130360614491863 20.13169788240953 0.25976604934918823
F 633.7765974938383 133.46630975169955 0.7831465504942225
E 2.3628469867905824 22.130360614491863 20.13169788240953 0.25976604934918823
F 665.4355151564347 164.98298020453987 0.7831465504942225
E 2.356574293208128 32.897715356328284 22.967756847654286 0.2963592841274819
F 697.1347432456757 196.70633459658748 0.7853981633974483
E 2.355680713188991 45.0533319800377 25.509383577016752 0.3291542330739014
F 728.9293915535292 228.33405367838466 0.7831465504942225
E 2.355391828004765 58.422126367571074 27.819758201324525 0.3589654482152605
F 760.6286196427702 260.05740807043225 0.7853981633974483
E 2.355263731887724 72.90267654868032 29.952447459709887 0.38648399303761277
F 760.6286196427702 260.05740807043225 0.7853981633974483
E 2.355263731887724 72.90267654868032 29.952447459709887 0.38648399303761277
F 792.4232679506237 291.6851271522295 0.7831465504942225
E 2.355196751244688 88.41540247231865 31.94306216272129 0.4121693350265303
F 824.1224960398647 323.40848154427704 0.7853981633974483
E 2.3551578639265647 104.89570448508356 33.81670161791002 0.43634532723306074
F 824.1224960398647 323.40848154427704 0.7853981633974483
E 2.3551578639265647 104.89570448508356 33.81670161791002 0.43634532723306074
F 855.9171443477181 355.0362006260742 0.7831465504942225
E 2.3551335643122244 122.289783180532 35.591844347099126 0.4592503984320988
F 887.6163724369592 386.7595550181218 0.7853981633974483
E 2.3551175213963953 140.5519288384191 37.28256231489843 0.48106612053017844
F 919.4110207448126 418.38727409991895 0.7831465504942225
E 2.3551064646868847 159.64267682748738 38.899865260269 0.5019345536859071
F 951.1102488340537 450.1106284919665 0.7853981633974483
E 2.3550985760698606 179.52750296413987 40.452559610826086 0.5219693286446871
F 982.9048971419071 481.7383475737637 0.7831465504942225
E 2.3550927847466236 200.17587123669048 41.94782043289384 0.5412630265478144
F 982.9048971419071 481.7383475737637 0.7831465504942225
E 2.3550927847466236 200.17587123669048 41.94782043289384 0.5412630265478144
F 1014.6041252311481 513.4617019658112 0.7853981633974483
E 2.3550884298254484 221.56052025792727 43.39158556490302 0.5598922644309482
F 1046.3987735390015 545.0894210476084 0.7831465504942225
E 2.3550850872490785 243.65691661300355 44.78883516822544 0.5779213022821788
F 1078.305026495837 576.8523154883616 0.7831465504942225
E 2.354987526389487 266.5328220536117 46.153942763517335 0.5955356194266898
F 1078.305026495837 576.8523154883616 0.7831465504942225
E 2.354987526389487 266.5328220536117 46.153942763517335 0.5955356194266898
F 1109.9639441584334 608.3689859412019 0.7831465504942225
E 2.3549014728092748 289.8984894576047 47.45962722645392 0.6123831308094629
F 1141.6631722476743 640.0923403332495 0.7853981633974483
E 2.354909962452258 314.00471142463846 48.7403953006432 0.6289092007292583
F 1173.4578205555279 671.7200594150466 0.7831465504942225
E 2.3549183979748287 338.7443821080536 49.988359423471906 0.6450119895194423
F 1205.3640735123633 703.4829538557998 0.7831465504942225
E 2.354848626756889 364.2015550631984 51.21506879893716 0.6608404565386646
F 1205.3640735123633 703.4829538557998 0.7831465504942225
E 2.354848626756889 364.2015550631984 51.21506879893716 0.6608404565386646
F 1237.0229911749598 734.9996243086401 0.7831465504942225
E 2.3547860006392773 390.06233208447026 52.39478478862749 0.6760625221769799
F 1268.7222192642007 766.7229787006877 0.7853981633974483
E 2.354800327821031 416.61217298913175 53.55766214095841 0.6910674480499093
F 1300.5168675720543 798.3506977824849 0.7831465504942225
E 2.3548140249616707 443.738418759423 54.69582201828866 0.7057534283417465
F 1300.5168675720543 798.3506977824849 0.7831465504942225
E 2.3548140249616707 443.738418759423 54.69582201828866 0.7057534283417465
F 1332.2160956612952 830.0740521745324 0.7853981633974483
E 2.3548270230480344 471.42908510309115 55.81077655248021 0.7201399763088031
F 1364.0107439691487 861.7017712563296 0.7831465504942225
E 2.3548392964632527 499.6729042525065 56.90388971296875 0.7342446930962172
F 1395.9169969259842 893.4646656970828 0.7831465504942225
E 2.354789542125666 528.5723187946012 57.98447950830712 0.7481877516468441
F 1428.0705851770588 925.4737841257487 0.7831465504942225
E 2.3547431371775747 558.2389116045985 59.061659745416094 0.7620867770482708
F 1428.0705851770588 925.4737841257487 0.7831465504942225
E 2.3547431371775747 558.2389116045985 59.061659745416094 0.7620867770482708
F 1459.7698132662997 957.1971385177962 0.7853981633974483
E 2.354757661655889 588.0901656582007 60.09566754393746 0.7754288746324419
F 1491.5644615741533 988.8248575995934 0.7831465504942225
E 2.3547714644579374 618.4561757227078 61.11218340086509 0.7885452577218698
F 1523.2636896633942 1020.548211991641 0.7853981633974483
E 2.354784551206851 649.3282621582723 62.11206603140603 0.8014470084400869
F 1523.2636896633942 1020.548211991641 0.7853981633974483
E 2.354784551206851 649.3282621582723 62.11206603140603 0.8014470084400869
F 1555.0583379712477 1052.1759310734383 0.7831465504942225
E 2.3547969394068913 680.6981781649175 63.09610611263309 0.8141443306929548
F 1586.7575660604887 1083.8992854654857 0.7853981633974483
E 2.354808654106829 712.5580741358424 64.06503359959927 0.8266466446199331
F 1618.5522143683422 1115.527004547283 0.7831465504942225
E 2.3548197248784253 744.9004660903576 65.01952405995765 0.8389626683728595
F 1618.5522143683422 1115.527004547283 0.7831465504942225
E 2.3548197248784253 744.9004660903576 65.01952405995765 0.8389626683728595
F 1650.2514424575832 1147.2503589393305 0.7853981633974483
E 2.3548301837181005 777.7182075913108 65.96020418340058 0.8511004892403853
F 1682.0460907654367 1178.8780780211277 0.7831465504942225
E 2.3548400635995326 811.0044646567169 66.88765659363578 0.8630676257670299
F 1713.2418027354556 1211.0994692700433 0.7989078408168031
E 2.355119263692453 844.7516300766456 67.81068219981483 0.8749797292132124
F 1740.5113142890912 1246.3597160089182 0.8957271956555131
E 2.357551015034556 878.6128547032672 69.00984335788738 0.8905642604374318
F 1740.5113142890912 1246.3597160089182 0.8957271956555131
E 2.357551015034556 878.6128547032672 69.00984335788738 0.8905642604374318
F 1764.6494740545322 1284.4487215085023 0.9902949375909973
E 2.3635105258020883 912.9983955659322 70.21622423318995 0.9059586680752414
F 1784.8908378869846 1324.553024977122 1.0871142924297068
E 2.37263882371235 947.110547555185 71.59545338129585 0.9211917602128661
F 1801.1954842802477 1366.2219830568695 1.1816820343651901
E 2.3846359390739114 980.7014082125559 73.40385681926747 0.9359120941071021
F 1813.4926098053106 1409.244352416099 1.2762497763006735
E 2.399238106690528 1013.6859292559908 76.0227908294887 0.950404459536993
F 1813.4926098053106 1409.244352416099 1.2762497763006735
E 2.399238106690528 1013.6859292559908 76.0227908294887 0.950404459536993
F 1821.514656746282 1453.0913366149819 1.373069131139383
E 2.416173038935109 1045.7080994599246 79.83363742437766 0.9647713781732162
F 1825.3643226188428 1498.1984109711962 1.4698884859780925
E 2.4356000382247576 1077.1665122308996 85.2911473752869 0.9792535026934324
F 1824.780622382791 1542.4212247692797 1.566707840816802
E 2.4565450415902466 1106.6634118846234 92.41725719977426 0.9930443629393181
F 1820.1291241852844 1587.0957005871246 1.65902396984906
E 2.4795710638903614 1135.2504628118397 101.59499449566152 1.0066304443546104
F 1820.1291241852844 1587.0957005871246 1.65902396984906
E 2.4795710638903614 1135.2504628118397 101.59499449566152 1.0066304443546104
F 1806.867023149245 1630.9289750389582 1.8369013892038986
E 2.5054093038572023 1161.622337222166 113.55156773468718 1.0291632630133138
F 1785.779130852589 1670.453112246626 2.0282884859780923
E 2.5336697260440597 1182.938887094535 128.11309249776184 1.0526087555059294
F 1758.4958391291782 1705.0560980662294 2.2061659053329308
E 2.5638144824616522 1198.9686879186413 145.27211694781099 1.073437229491107
F 1758.4958391291782 1705.0560980662294 2.2061659053329308
E 2.5638144824616522 1198.9686879186413 145.27211694781099 1.073437229491107
F 1728.3397602398059 1733.1538328569218 2.3570239698490596
E 2.593428780476651 1209.5785992118424 163.6541936561217 1.0895852048489856
F 1693.3701948304188 1756.8990578782673 2.5123852601716408
E 2.6246404907115664 1216.108476237029 184.47555402799006 1.1063853437970361
F 1655.9596976998043 1774.9824037855788 2.658740098881318
E 2.655722704923502 1218.1962003480614 206.51710546775308 1.1217238775035048
F 1655.9596976998043 1774.9824037855788 2.658740098881318
E 2.655722704923502 1218.1962003480614 206.51710546775308 1.1217238775035048
F 1616.4323049141979 1787.240563125549 2.8073465504942217
E 2.686615154884819 1216.0098533055534 229.61360918116378 1.1370190705386491
F 1576.3419291694477 1793.995255558113 2.94244332468777
E 2.716518629807556 1209.8455141242089 253.06997750216388 1.1505584079151954
F 1533.8946618950292 1794.3703795543208 3.1000562279135764
E 2.7466878221752804 1199.1560519200045 277.90559473671277 1.1667809508308968
F 1492.5700594689292 1788.559335161112 -3.034522627653107
E 2.774665765714742 1184.3473181313764 302.23944861617167 1.181617566000945
F 1492.5700594689292 1788.559335161112 -3.034522627653107
E 2.774665765714742 1184.3473181313764 302.23944861617167 1.181617566000945
F 1452.9042649245775 1776.7567085891583 -2.885916176040204
E 2.8000970225039743 1165.7769059940345 325.8433012193794 1.1961471404844277
F 1415.179296850234 1758.8865943673925 -2.732806498620849
E 2.8225442763614765 1143.3901394997458 348.58522720946866 1.211062239477665
F 1380.5037704033296 1735.6680916541447 -2.584200047007946
E 2.84082405801735 1117.7970280552543 369.69949080828235 1.2253628168623376
F 1380.5037704033296 1735.6680916541447 -2.584200047007946
E 2.84082405801735 1117.7970280552543 369.69949080828235 1.2253628168623376
F 1343.696554256642 1710.6462079439286 -2.5504258534595587
E 2.857022274018293 1088.9872591742378 391.4218616770447 1.2339355532353757
F 1306.5267911681321 1685.553958397879 -2.548174240556333
E 2.8721629322226763 1060.6201301716715 414.180063372111 1.242220042263128
F 1269.2816083517598 1660.5737936203566 -2.5504258534595587
E 2.8865119675329476 1033.4066606956303 438.2850123406026 1.2504496460322272
F 1232.4806225082991 1635.871247801162 -2.5504258534595587
E 2.8996201839133087 1007.7016258351696 463.4740706511108 1.2584347455702996
F 1232.4806225082991 1635.871247801162 -2.5504258534595587
E 2.8996201839133087 1007.7016258351696 463.4740706511108 1.2584347455702996
F 1195.3108594197893 1610.7789982551124 -2.548174240556333
E 2.9112259490479806 982.8764383149229 490.2788655875771 1.266558996936384
F 1157.9869216849816 1585.6033331602596 -2.548174240556333
E 2.920516485460702 959.1882862695255 518.4991825263035 1.274692643383063
F 1120.3736510995163 1560.232507870873 -2.548174240556333
E 2.926530068603741 936.6385279040007 548.2561166742126 1.2829001048921782
F 1083.128468283144 1535.2523430933506 -2.5504258534595587
E 2.9276931853195487 915.7407089615691 578.925589265834 1.2908703896961446
F 1083.128468283144 1535.2523430933506 -2.5504258534595587
E 2.9276931853195487 915.7407089615691 578.925589265834 1.2908703896961446
F 1045.9587051946341 1510.160093547301 -2.548174240556333
E 2.92147246959002 896.3138414279781 610.6713530748781 1.2987917642394375
F 1009.2134331611413 1485.3747488415156 -2.548174240556333
E 2.9034613794832884 878.7509638520174 642.8146404522038 1.3064814344079494
F 971.8894954263335 1460.1990837466628 -2.548174240556333
E 2.864244083333894 863.0598656320442 675.7730374889949 1.3143680537912714
F 971.8894954263335 1460.1990837466628 -2.548174240556333
E 2.864244083333894 863.0598656320442 675.7730374889949 1.3143680537912714
F 934.8548905421832 1435.2185788463437 -2.548174240556333
E 2.7860344796332375 850.7116508201415 707.6401310987732 1.322086913073843
F 897.5309528073753 1410.042913751491 -2.548174240556333
E 2.6318322042766344 844.3077720247724 736.0510040929311 1.3298809902000723
F 860.496347923225 1385.0624088511718 -2.548174240556333
E 2.3832465500775575 849.8214639378524 754.6146650082792 1.3375103263113874
F 823.1724101884172 1359.886743756319 -2.548174240556333
E 2.140531674830032 871.4874275996293 759.3923900835899 1.3452150442825102
F 823.1724101884172 1359.886743756319 -2.548174240556333
E 2.140531674830032 871.4874275996293 759.3923900835899 1.3452150442825102
F 786.8821477541935 1334.1312361075593 -2.5279097244273006
E 1.9983666545468532 904.0095438634266 754.5946499022764 1.3528178310025942
F 753.0349872327524 1304.0673406689575 -2.431090369588591
E 1.9314147804322113 942.0174893774924 743.9945296322547 1.3631836612407269
F 725.4880073329451 1268.5965511962115 -2.2599677889434298
E 1.9133751228750822 980.160607031023 728.4544938745116 1.3789479374410567
F 725.4880073329451 1268.5965511962115 -2.2599677889434298
E 1.9133751228750822 980.160607031023 728.4544938745116 1.3789479374410567
F 705.1985103292429 1228.2694024082507 -2.0685806921692365
E 1.9251391875314108 1015.9303844409196 708.1926491381444 1.3966472567521995
F 692.6711452573712 1188.2485986581466 -1.9087161760402043
E 1.9513682556061014 1045.6740592721205 686.2162696865754 1.4100805219401644
F 685.9360301955329 1147.0765653366943 -1.7646129502337526
E 1.9852756377105716 1071.7773074168886 662.3842500250857 1.422019538642109
F 685.9360301955329 1147.0765653366943 -1.7646129502337526
E 1.9852756377105716 1071.7773074168886 662.3842500250857 1.422019538642109
F 685.3601570494027 1105.8755058657773 -1.6182581115240753
E 2.0233643167845856 1093.9498539704662 637.5397934849425 1.433883664427077
F 690.3381667205643 1065.3454263077379 -1.480909724427301
E 2.0640554847779433 1112.2432239241107 612.0926654706324 1.4448592631465944
F 701.5144829061071 1025.1386985232507 -1.3323032728143978
E 2.1075889232090925 1126.9744658483041 585.7635237098865 1.4568666978693232
F 718.3418760595404 991.828497408989 -1.1566774663627848
E 2.1480357416736577 1135.722451784855 562.3314835524282 1.4698686744340876
F 718.3418760595404 991.828497408989 -1.1566774663627848
E 2.1480357416736577 1135.722451784855 562.3314835524282 1.4698686744340876
F 740.9286017590135 962.5116326240352 -0.9720452082982689
E 2.1894239331167653 1139.2326506776358 539.6201866664994 1.4835228558603124
F 768.3556877212608 937.690131000321 -0.7919161760402043
E 2.2311960563962376 1137.5239886524896 518.1256919463003 1.4966238420086317
F 799.78595329015 918.1839680381787 -0.6117871437821396
E 2.272407804862258 1130.8473761530774 498.5539050089002 1.5096111370407344
F 799.78595329015 918.1839680381787 -0.6117871437821396
E 2.272407804862258 1130.8473761530774 498.5539050089002 1.5096111370407344
F 835.5937116887775 904.7109439933159 -0.4158968212014944
E 2.313452016744913 1118.887690885325 481.043915363761 1.5243119483280003
F 872.6236423323552 898.4711137723996 -0.22450972442730066
E 2.3511600957831247 1102.4951712347465 467.07737444033705 1.5382559764513999
F 909.626395092895 899.130679375552 -0.03987746636278455
E 2.3848145035281774 1082.5750173491017 456.6528270215251 1.5513083487384978
F 948.9542452428259 903.599547905613 0.08170963041140888
E 2.416885450110252 1058.8840293498629 448.7051784417782 1.5601177538888427
F 948.9542452428259 903.599547905613 0.08170963041140888
E 2.416885450110252 1058.8840293498629 448.7051784417782 1.5601177538888427
F 994.0085083367028 907.1703037259895 0.07945801750818315
E 2.4505164370699855 1032.58896790566 442.8174546725018 1.5667806321986428
F 1038.3561618373892 910.8195312461282 0.08170963041140888
E 2.481509786961719 1009.2931197113953 440.60827169993576 1.5732124007602164
F 1082.879119294925 914.4656035485491 0.08170963041140888
E 2.5098596578784504 988.3442042929715 442.80390408927406 1.579666953126447
F 1082.879119294925 914.4656035485491 0.08170963041140888
E 2.5098596578784504 988.3442042929715 442.80390408927406 1.579666953126447
F 1128.2812497685475 918.0644526893168 0.07945801750818315
E 2.5353425058805437 969.4080906971245 450.3015034454732 1.5863495106652334
F 1172.9767706489793 921.7417735298466 0.08170963041140888
E 2.5563723112070864 952.9711683928762 463.31166427124606 1.5928020761694595
F 1217.6831663631108 925.284436029832 0.07945801750818315
E 2.572620880573324 938.5876521592365 482.03543763733376 1.5992286070826944
F 1217.6831663631108 925.284436029832 0.07945801750818315
E 2.572620880573324 938.5876521592365 482.03543763733376 1.5992286070826944
F 1261.8663216364105 928.8025490319227 0.07945801750818315
E 2.5830746301673626 926.3003983544565 506.00137295966937 1.605479937373282
F 1306.5618425168423 932.4798698724525 0.08170963041140888
E 2.586516666090591 915.726838617806 535.2964673266995 1.6118559219638808
F 1351.2682382309738 936.0225323724379 0.07945801750818315
E 2.5806635237954354 907.0759615910456 569.0253415966905 1.6182067843857122
F 1395.9637591114056 939.6998532129677 0.08170963041140888
E 2.5619806496324835 900.5350691878976 606.3208613302647 1.6245328192726245
F 1440.670154825537 943.2425157129531 0.07945801750818315
E 2.524523973117225 896.5760980742851 646.0395038661406 1.6308343155439724
F 1440.670154825537 943.2425157129531 0.07945801750818315
E 2.524523973117225 896.5760980742851 646.0395038661406 1.6308343155439724
F 1485.5491078196762 946.8160320694075 0.07945801750818315
E 2.458233327021687 896.2294381047456 686.7301225143298 1.6371591880847074
F 1530.0801619533956 950.36184674868 0.07945801750818315
E 2.350289901677002 901.5253408156427 725.2653130428245 1.6433625990706515
F 1574.9591149475348 953.9353631051343 0.07945801750818315
E 2.191859278940613 916.067462434445 758.2324267746768 1.6496394376949917
F 1574.9591149475348 953.9353631051343 0.07945801750818315
E 2.191859278940613 916.067462434445 758.2324267746768 1.6496394376949917
F 1619.7987099018405 957.9801706776112 0.08846446912108652
E 2.0108763794992837 943.4173611879598 781.1579517391945 1.655911618650396
F 1662.8545025949416 970.7556050337863 0.2595870497662478
E 1.8699383812691504 983.6089570976728 790.2332342738029 1.6689131219690994
F 1697.0008349838351 994.465576323148 0.5432902755726996
E 1.8089278828312765 1026.919042222728 785.4630493979714 1.692676836437226
F 1718.826232278241 1020.292270234445 0.7774580175081836
E 1.8011637498272173 1061.657380010276 773.9414047869824 1.7085678870888203
F 1718.826232278241 1020.292270234445 0.7774580175081836
E 1.8011637498272173 1061.657380010276 773.9414047869824 1.7085678870888203
F 1734.3232513305713 1051.1380593291929 1.016128985250119
E 1.8180362342647867 1093.5557853138475 757.26680509981 1.724933058200565
F 1742.0641805443167 1083.4901284088457 1.2435418884759253
E 1.8492368466475761 1119.183936048267 737.8232575535765 1.7397288135080884
F 1742.1106441759853 1117.3037931995398 1.4777096304114092
E 1.890332554769406 1138.9738297483502 715.7526502704352 1.7551939199787248
F 1742.1106441759853 1117.3037931995398 1.4777096304114092
E 1.890332554769406 1138.9738297483502 715.7526502704352 1.7551939199787248
F 1733.8740168959137 1150.8523532737713 1.720883823959796
E 1.9383468550444312 1151.8669577991623 691.8238216924728 1.77160682106244
F 1718.6682620355202 1180.6442870318633 1.9505483400888286
E 1.9879768036662844 1157.033847989244 668.3343041105063 1.7862736341705845
F 1697.2492984759608 1206.0963273992115 2.177961243314635
E 2.0382659002293577 1155.193566986009 645.6821745400104 1.8005654071457926
F 1671.3900027743332 1225.8386404788148 2.3963676949275383
E 2.0867806667426607 1147.0504063333242 625.0767951121679 1.81375345250416
F 1671.3900027743332 1225.8386404788148 2.3963676949275383
E 2.0867806667426607 1147.0504063333242 625.0767951121679 1.81375345250416
F 1641.284202654396 1239.5532283472626 2.6215289852501193
E 2.133963439494531 1132.948095269766 606.4940061796735 1.8275808983116655
F 1608.5566139372452 1246.33812186972 2.8466902755726995
E 2.178066940077837 1113.5734532668378 590.7462130742415 1.8413675799148574
F 1566.2033645717934 1256.1616012098561 2.902980598153345
E 2.2316485833052804 1085.8612231652073 573.3153680057378 1.8472581736423725
F 1566.2033645717934 1256.1616012098561 2.902980598153345
E 2.2316485833052804 1085.8612231652073 573.3153680057378 1.8472581736423725
F 1522.9389189381275 1266.564436233161 2.905232211056571
E 2.2831600110124253 1060.2793936062642 558.5077495616473 1.8527165105761592
F 1479.508949208206 1277.0250917220926 2.905232211056571
E 2.3313396104676296 1038.1222502432302 547.8033707383095 1.8582004449078058
F 1435.7396828397698 1287.5674710820317 2.905232211056571
E 2.3758011669174697 1018.9790667270113 542.7886983229901 1.8637538828477245
F 1392.6490097483636 1297.9464026999563 2.905232211056571
E 2.415339678653303 1002.8341338175243 544.849967827967 1.8691207096991973
F 1392.6490097483636 1297.9464026999563 2.905232211056571
E 2.415339678653303 1002.8341338175243 544.849967827967 1.8691207096991973
F 1348.8797433799273 1308.4887820598954 2.905232211056571
E 2.4512150539216795 988.7744130565693 555.012649062517 1.8746417977311913
F 1305.110477011491 1319.0311614198345 2.905232211056571
E 2.482915298271308 976.7052554683906 573.7446699325533 1.880146673048471
F 1261.6805072815696 1329.4918169087662 2.905232211056571
E 2.5104196336961255 966.3823631066957 600.7045554233591 1.8855508312080327
F 1217.9112409131333 1340.0341962687053 2.905232211056571
E 2.5342647897050474 957.3777590930001 635.7844070997251 1.8910239499920947
F 1217.9112409131333 1340.0341962687053 2.905232211056571
E 2.5342647897050474 957.3777590930001 635.7844070997251 1.8910239499920947
F 1172.8705470979369 1346.0072408005415 2.995296727185604
E 2.5503802606069943 948.6193804223185 677.5501029052058 1.8982360560040028
F 1127.9724054095352 1347.498830365087 3.0921160820243134
E 2.5475575941723205 939.6218227006551 722.7581050378088 1.9055532727103288
F 1083.1403474735466 1344.64321349215 -3.0942498703165633
E 2.504985330918705 931.456009289738 769.3821535022087 1.9128424989947441
F 1083.1403474735466 1344.64321349215 -3.0942498703165633
E 2.504985330918705 931.456009289738 769.3821535022087 1.9128424989947441
F 1038.9527275990401 1337.6006421373663 -2.9996821283810795
E 2.371805225837553 927.8250235522572 812.6383842688512 1.9199748995162202
F 995.2849098172005 1326.3514294101847 -2.9051143864455957
E 2.0876918662493864 939.1470192181231 841.8615049949699 1.9271637245092894
F 953.4136545988389 1311.0638773857752 -2.808295031606886
E 1.8310581615182002 973.700955490935 847.2994417104497 1.9342893259538396
F 953.4136545988389 1311.0638773857752 -2.808295031606886
E 1.8310581615182002 973.700955490935 847.2994417104497 1.9342893259538396
F 913.2952578850455 1291.1977625429306 -2.7002176122520476
E 1.7217567411367363 1021.6732829975092 838.5134548253485 1.9418937124857731
F 877.7544225820332 1263.3626831646761 -2.508830515477854
E 1.697952150323503 1073.087486971054 822.330939982895 1.9545018127932956
F 848.4173559340957 1229.5072088064521 -2.31744341870366
E 1.7166649509727485 1122.0266346785002 801.1374571911268 1.9669482724372311
F 826.2459125279125 1194.1385603194717 -2.164333741284305
E 1.751892815489275 1164.2347452050767 778.6763695899732 1.9760539650129476
F 826.2459125279125 1194.1385603194717 -2.164333741284305
E 1.751892815489275 1164.2347452050767 778.6763695899732 1.9760539650129476
F 809.262931081536 1156.818606752077 -2.029236967090757
E 1.7943386179199246 1202.35838551146 755.3945160016992 1.9839483267431095
F 797.7668839983885 1117.9972802229486 -1.8918885799939826
E 1.840581414643904 1236.476093467377 731.9194853250114 1.9918229653210218
F 791.9496868017085 1076.6735434680277 -1.7432821283810793
E 1.8914708481453606 1267.3331066738253 707.68481016524 2.000550176886442
F 787.5618023776485 1033.941457812464 -1.6847401928972083
E 1.944489712890891 1296.7127117545117 683.7566337374973 2.0059087910035664
F 787.5618023776485 1033.941457812464 -1.6847401928972083
E 1.944489712890891 1296.7127117545117 683.7566337374973 2.0059087910035664
F 782.4827091457665 989.5591370536094 -1.6847401928972083
E 1.9966686036923997 1328.9199500619536 661.5068966157038 2.0109750129525374
F 777.4036159138846 945.1768162947549 -1.6847401928972083
E 2.045299023243728 1364.398081391876 642.5033031692061 2.0160285036709
F 772.3642030978766 901.1412324168289 -1.6847401928972083
E 2.090701974114714 1402.7426270588808 626.862561411777 2.0209909992897024
F 772.3642030978766 901.1412324168289 -1.6847401928972083
E 2.090701974114714 1402.7426270588808 626.862561411777 2.0209909992897024
F 767.3432639573493 856.2254546743924 -1.6824885799939826
E 2.1345628793835556 1444.931567302704 614.0873861040241 2.026138880393839
F 762.4030149207264 812.1786356240211 -1.6824885799939826
E 2.1754593317058823 1489.266868391593 604.473243886887 2.0310766736487476
F 757.3849666866763 767.4381658799433 -1.6824885799939826
E 2.214976090091435 1537.2849634235424 597.4041085550269 2.036158661945199
F 752.3669184526262 722.6976961358655 -1.6824885799939826
E 2.252558535623922 1588.218559357154 592.7379657417605 2.041227997796636
F 752.3669184526262 722.6976961358655 -1.6824885799939826
E 2.252558535623922 1588.218559357154 592.7379657417605 2.041227997796636
F 747.3877698172897 678.304051738641 -1.6824885799939826
E 2.288002887036105 1641.5345090478006 590.1551837473664 2.0462067744690255
F 746.4817293011974 633.0675409514167 -1.6036821283810794
E 2.3235266467481988 1696.1704205283247 589.2853675830436 2.0524727199047934
F 749.9603392690368 588.457644805463 -1.5091143864455956
E 2.359938187926183 1748.2709993502435 590.0842560704236 2.059121525011393
F 749.9603392690368 588.457644805463 -1.5091143864455956
E 2.359938187926183 1748.2709993502435 590.0842560704236 2.059121525011393
F 757.7332109507266 544.5658035786449 -1.4122950316068859
E 2.3975971111836567 1797.5190368995832 592.6390052834842 2.065792010392064
F 769.8559628370526 500.94806669317614 -1.3154756767681761
E 2.4370713076757022 1844.5543014947107 597.1353260369387 2.072595049833613
F 785.7667419019882 459.4998513375269 -1.2209079348326923
E 2.476789613704391 1887.6042698903498 603.4579419388003 2.0791033394492566
F 785.7667419019882 459.4998513375269 -1.2209079348326923
E 2.476789613704391 1887.6042698903498 603.4579419388003 2.0791033394492566
F 809.1752109100078 420.78064161458235 -1.0542885799939827
E 2.5187446417830266 1925.582441120172 612.0251057567325 2.0892652795498634
F 839.4078387393447 387.4980162521779 -0.8651530961230147
E 2.5624533335153066 1953.7483979053727 622.9292892286619 2.1007919670680897
F 872.9049310026702 361.1120822492886 -0.7007853541875306
E 2.6053171525826495 1970.8928718125348 635.516639786699 2.1101587124304904
F 908.394326409316 338.6625742605428 -0.5882047090262406
E 2.6483045748485012 1980.7624010502086 649.9064066633828 2.1167328087353363
F 908.394326409316 338.6625742605428 -0.5882047090262406
E 2.6483045748485012 1980.7624010502086 649.9064066633828 2.1167328087353363
F 945.8490147337251 313.68184641843675 -0.5882047090262406
E 2.694830843172725 1990.474150225475 667.1905298329767 2.1216096309055037
F 982.7230102158953 289.08841668240984 -0.5882047090262406
E 2.7407670311604684 2003.8065494855991 685.6339783343656 2.1263257317606468
F 1021.9705100459727 267.30748578891274 -0.5184047090262407
E 2.787460716105322 2018.3126086749098 705.5157156275457 2.1320359100889563
F 1062.84298306836 249.53877012718732 -0.42608857999398264
E 2.8342237639101557 2029.9978674537963 726.3752198566505 2.1383233832271205
F 1062.84298306836 249.53877012718732 -0.42608857999398264
E 2.8342237639101557 2029.9978674537963 726.3752198566505 2.1383233832271205
F 1105.7850421991898 235.75330560627862 -0.32701761225204695
E 2.882028383111897 2037.8507585074892 748.4637764459482 2.1449392874012925
F 1150.01929683697 226.1200921783811 -0.23019825741333744
E 2.9305178616492213 2041.561081642993 771.4299825086536 2.1514920769160812
F 1194.4455539126507 220.78612145230449 -0.13563051547785365
E 2.978950714990362 2041.2632027656555 794.708548689029 2.15783580140949
F 1194.4455539126507 220.78612145230449 -0.13563051547785365
E 2.978950714990362 2041.2632027656555 794.708548689029 2.15783580140949
F 1239.3570501352615 219.7734647744246 -0.03881116063914414
E 3.0280957725650137 2036.9714143020126 818.463309067834 2.1642755131147116
F 1283.6379176063956 222.98472973162228 0.05575658129633965
E 3.077210452490471 2028.7828749452397 842.1397337461932 2.1705089154809305
F 1328.6159632672939 230.60621399691166 0.15257593613504916
E 3.1282946594977044 2016.3808658650403 866.4960657458539 2.1770589120030115
F 1371.1355457163495 242.11272783248913 0.24714367807053295
E -3.1049226567801185 2000.585014397899 889.874216284071 2.1831838476708993
F 1371.1355457163495 242.11272783248913 0.24714367807053295
E -3.1049226567801185 2000.585014397899 889.874216284071 2.1831838476708993
F 1413.3801910339794 257.88653646569435 0.34171142000601673
E -3.0530177385854333 1980.636997569439 913.5104960356202 2.189508647853054
F 1454.1716917142448 277.9273351429332 0.4407823877479524
E -2.999857627453499 1956.6885769216901 936.8622474526189 2.1960435961219105
F 1492.591439484663 301.5355133459791 0.5353501296834362
E -2.9461231098605993 1929.2068434671496 959.4203514053588 2.2023314651433035
F 1492.591439484663 301.5355133459791 0.5353501296834362
E -2.9461231098605993 1929.2068434671496 959.4203514053588 2.2023314651433035
F 1528.1052098426974 328.47402435562867 0.6321694845221457
E -2.8918762013735853 1898.5446857491336 980.971210521144 2.208569459581177
F 1561.1197008321974 358.9389443654542 0.7289888393608552
E -2.835873222685845 1864.156557646638 1001.7889790220828 2.214861668054713
F 1591.2446080140037 392.4935724232478 0.823556581296339
E -2.777949295836903 1826.4235093836903 1021.646381154247 2.2210962642151064
F 1617.6169804449391 428.2091911213119 0.9181243232318224
E -2.7188313605598347 1786.3778513146449 1040.032490200966 2.227170642412601
F 1617.6169804449391 428.2091911213119 0.9181243232318224
E -2.7188313605598347 1786.3778513146449 1040.032490200966 2.227170642412601
F 1642.0726368012492 465.63142508645586 0.9811694845221446
E -2.655879897848554 1744.5409404533348 1057.364595119554 2.232430228187778
F 1667.1076167484389 502.8397850930598 0.9789178716189184
E -2.5860880938174646 1705.2641704504586 1073.681600502083 2.237019983725771
F 1692.2257747231586 540.20244801953 0.9789178716189184
E -2.5069028426471567 1671.8595098155577 1088.606022057696 2.2416351286422262
F 1692.2257747231586 540.20244801953 0.9789178716189184
E -2.5069028426471567 1671.8595098155577 1088.606022057696 2.2416351286422262
F 1717.1492182949735 577.2754779000586 0.9789178716189184
E -2.418895604438698 1645.5755820084967 1101.1241433084479 2.246169734204635
F 1742.071997463384 614.5590849393457 0.9811694845221446
E 0.8198307024280709 1627.0081921963704 1110.4720753508 2.2507314719261458
F 1767.1069774105736 651.7674449459496 0.9789178716189184
E 0.923536790776483 1617.3019142835853 1115.7623576330802 2.2552839826905946
F 1792.419849788198 689.4197409183614 0.9789178716189184
E 1.0311287644703786 1617.1950242218259 1116.4588487774806 2.2599330048959883
F 1792.419849788198 689.4197409183614 0.9789178716189184
E 1.0311287644703786 1617.1950242218259 1116.4588487774806 2.2599330048959883
F 1813.5275078033637 729.0596049138667 1.066730774844725
E 1.1361783210547396 1622.7259209778258 1112.5085467382119 2.265795933280614
F 1830.3703216554702 769.7613785095426 1.1612985167802083
E 1.2364341439662425 1629.141802524779 1104.414385495013 2.2716816277089413
F 1843.6151011150318 813.0516072150482 1.2581178716189179
E 1.3358319168629615 1636.0709503641517 1092.1357871178382 2.277869844408467
F 1843.6151011150318 813.0516072150482 1.2581178716189179
E 1.3358319168629615 1636.0709503641517 1092.1357871178382 2.277869844408467
F 1852.6825769951276 857.224041809184 1.3526856135544012
E 1.4307079990159761 1643.0426506008243 1076.4009914630253 2.283932449604771
F 1859.342390091517 901.4252654047466 1.411227549038272
E 1.5202109621785684 1651.241193571586 1057.9052145654284 2.288968179465026
F 1866.584680713083 945.683163026414 1.4089759361350467
E 1.6040670349736224 1664.411004119569 1037.2244948065277 2.293444791239883
F 1873.6377737808705 989.6181731059362 1.4112275490382729
E 1.6803152095167215 1684.0509350095058 1015.5373559665125 2.297843493134007
F 1873.6377737808705 989.6181731059362 1.4112275490382729
E 1.6803152095167215 1684.0509350095058 1015.5373559665125 2.297843493134007
F 1880.7358185335509 1033.7226552442512 1.4112275490382729
E 1.7501154293246093 1709.5370810060954 993.4098363278248 2.3022673919057195
F 1887.9781091551167 1077.9805528659188 1.4089759361350467
E 1.8138979755531723 1740.4877587709088 971.5395756713999 2.306718194252232
F 1895.0870435654408 1122.2600664911488 1.4112275490382729
E 1.8721543540140462 1776.1977561863698 950.53565654625 2.311160425318025
F 1895.0870435654408 1122.2600664911488 1.4112275490382729
E 1.8721543540140462 1776.1977561863698 950.53565654625 2.311160425318025
F 1902.4410168720797 1167.2069712042319 1.4089759361350467
E 1.926411351694221 1816.9004090409244 930.4824459478807 2.31573305861108
F 1909.5821206059775 1210.950918973743 1.4089759361350467
E 1.9750668366135078 1860.5452935942633 912.4647603348845 2.320054587793289
F 1916.6910550163016 1255.230432598973 1.4112275490382729
E 2.0207628799121915 1908.3128747758271 895.8586617633543 2.324471332196335
F 1916.6910550163016 1255.230432598973 1.4112275490382729
E 2.0207628799121915 1908.3128747758271 895.8586617633543 2.324471332196335
F 1923.8445532436124 1299.6794810039937 1.4112275490382729
E 2.063506798363236 1959.6841777261911 880.8950822147484 2.328913183563742
F 1931.0868438651783 1343.9373786256613 1.4089759361350467
E 2.1032426868984078 2014.2105878938469 867.7150439262789 2.333313159530653
F 1938.1957782755023 1388.2168922508913 1.4112275490382729
E 2.140475277490425 2071.8192901223597 856.1970714058044 2.337704853975547
F 1945.1588621843855 1430.7522721440198 1.4089759361350467
E 2.174120234257207 2129.931114966424 846.6169485165308 2.3417541786116582
F 1946.1252489156905 1437.1363957413948 1.4112275490382729
E 2.1789927543302317 2138.857038154213 845.298092935935 2.341845789022993
F 1946.1252489156905 1437.1363957413948 1.4112275490382729
E 2.1789927543302317 2138.857038154213 845.298092935935 2.341845789022993
F 1946.1252489156905 1437.1363957413948 1.4112275490382729
E 2.1789927543302317 2138.857038154213 845.298092935935 2.341845789022993
F 1946.1252489156905 1437.1363957413948 1.4112275490382729
E 2.1789927543302317 2138.857038154213 845.298092935935 2.341845789022993
F 1946.1252489156905 1437.1363957413948 1.4112275490382729
E 2.1789927543302317 2138.857038154213 845.298092935935 2.341845789022993
F 1946.1252489156905 1437.1363957413948 1.4112275490382729
E 2.1789927543302317 2138.857038154213 845.298092935935 2.341845789022993
F 1946.1252489156905 1437.1363957413948 1.4112275490382729
E 2.1789927543302317 2138.857038154213 845.298092935935 2.341845789022993
F 1946.1252489156905 1437.1363957413948 1.4112275490382729
E 2.1789927543302317 2138.857038154213 845.298092935935 2.341845789022993
